-1.990000000000000 -0.000000658390748 -0.000000863252504  0.000000000001179
-1.980000000000000 -0.000000834525172 -0.000000771627126  0.000000000001292
-1.970000000000000 -0.000000997454704 -0.000000642327215  0.000000000001408
-1.960000000000000 -0.000001138775721 -0.000000477607108  0.000000000001525
-1.950000000000000 -0.000001250617801 -0.000000281672211  0.000000000001643
-1.940000000000000 -0.000001326116689 -0.000000060512665  0.000000000001762
-1.930000000000000 -0.000001359837614  0.000000178378768  0.000000000001881
-1.920000000000000 -0.000001348133674  0.000000426390907  0.000000000001999
-1.910000000000000 -0.000001289437086  0.000000674276687  0.000000000002117
-1.900000000000000 -0.000001184486362  0.000000912755963  0.000000000002236
-1.890000000000000 -0.000001036476539  0.000001133300443  0.000000000002359
-1.880000000000000 -0.000000851067511  0.000001329206584  0.000000000002491
-1.870000000000000 -0.000000636085332  0.000001497088946  0.000000000002646
-1.860000000000000 -0.000000400600912  0.000001638903956  0.000000000002846
-1.850000000000000 -0.000000152884748  0.000001764503027  0.000000000003137
-1.840000000000000  0.000000103447279  0.000001894476547  0.000000000003600
-1.830000000000000  0.000000375900432  0.000002062660354  0.000000000004396
-1.820000000000000  0.000000692951351  0.000002317134397  0.000000000005849
-1.810000000000000  0.000001117772931  0.000002717889075  0.000000000008636
-1.800000000000000  0.000001765701473  0.000003328658111  0.000000000014198
-1.790000000000000  0.000002824279710  0.000004199861000  0.000000000025615
-1.780000000000000  0.000004573248571  0.000005339354297  0.000000000049423
-1.770000000000000  0.000007400034726  0.000006667980944  0.000000000099222
-1.760000000000000  0.000011804249082  0.000007957953741  0.000000000202669
-1.750000000000000  0.000018382739486  0.000008754098418  0.000000000414559
-1.740000000000000  0.000027785196248  0.000008281015786  0.000000000840592
-1.730000000000000  0.000040629636543  0.000005343273383  0.000000001679318
-1.720000000000000  0.000057367772035 -0.000001769392435  0.000000003294192
-1.710000000000000  0.000078092744840 -0.000015354585871  0.000000006334240
-1.700000000000000  0.000102286350336 -0.000038325063450  0.000000011931308
-1.690000000000000  0.000128509820230 -0.000074165243934  0.000000022015257
-1.680000000000000  0.000154051427495 -0.000126787446090  0.000000039806899
-1.670000000000000  0.000174555191173 -0.000200259281013  0.000000070573294
-1.660000000000000  0.000183667047614 -0.000298377652035  0.000000122762808
-1.650000000000000  0.000172746912045 -0.000424073144973  0.000000209679528
-1.640000000000000  0.000130705675235 -0.000578641577224  0.000000351910048
-1.630000000000000  0.000044033749914 -0.000760817029153  0.000000580781523
-1.620000000000000 -0.000102909387931 -0.000965722187342  0.000000943209685
-1.610000000000000 -0.000327278718225 -0.001183756087598  0.000001508389834
-1.600000000000000 -0.000646745444532 -0.001399504582010  0.000002376892745
-1.590000000000000 -0.001078081777553 -0.001590782787433  0.000003692850196
-1.580000000000000 -0.001635321672775 -0.001727938748854  0.000005660049293
-1.570000000000000 -0.002327526558215 -0.001773560740098  0.000008562897578
-1.560000000000000 -0.003156227551366 -0.001682734266405  0.000012793366967
-1.550000000000000 -0.004112662027766 -0.001403986517600  0.000018885167096
-1.540000000000000 -0.005174969375624 -0.000881033972867  0.000027556528900
-1.530000000000000 -0.006305554401927 -0.000055412210730  0.000039763086829
-1.520000000000000 -0.007448862791454  0.001129984007838  0.000056762420744
-1.510000000000000 -0.008529836828976  0.002726486098331  0.000080191842773
-1.500000000000000 -0.009453327141660  0.004774471875344  0.000112160975736
-1.490000000000000 -0.010104724063232  0.007297609540581  0.000155360553401
-1.480000000000000 -0.010352038003418  0.010296794340538  0.000213188664516
-1.470000000000000 -0.010049600982536  0.013744121263065  0.000289895349202
-1.460000000000000 -0.009043481992489  0.017577299589768  0.000390746027417
-1.450000000000000 -0.007178609620927  0.021694959123029  0.000522203687440
-1.440000000000000 -0.004307480803711  0.025953317596652  0.000692129085147
-1.430000000000000 -0.000300210725470  0.030164669374863  0.000909997404975
-1.420000000000000  0.004944446745482  0.034098113827780  0.001187128920231
-1.410000000000000  0.011487597644535  0.037482866494534  0.001536930180290
-1.400000000000000  0.019338818390103  0.040014388317163  0.001975141169122
-1.390000000000000  0.028445549919131  0.041363431255963  0.002520082755469
-1.380000000000000  0.038683993732554  0.041187938255007  0.003192897628799
-1.370000000000000  0.049852235642993  0.039147559750676  0.004017776833037
-1.360000000000000  0.061666287081306  0.034920367422006  0.005022163023282
-1.350000000000000  0.073759652382607  0.028221169628375  0.006236920734797
-1.340000000000000  0.085686904334452  0.018820673508987  0.007696463325753
-1.330000000000000  0.096931583200619  0.006564607409172  0.009438825892215
-1.320000000000000  0.106918533123911 -0.008608175407915  0.011505673409222
-1.310000000000000  0.115030563613731 -0.026649636162342  0.013942233672878
-1.300000000000000  0.120629084300186 -0.047389549102346  0.016797145343225
-1.290000000000000  0.123078121428207 -0.070526509685284  0.020122212542685
-1.280000000000000  0.121770898632673 -0.095623780032311  0.023972059061477
-1.270000000000000  0.116157966304795 -0.122110622463780  0.028403677254558
-1.260000000000000  0.105775706339468 -0.149289547888908  0.033475869160488
-1.250000000000000  0.090273933476358 -0.176349644521537  0.039248580188166
-1.240000000000000  0.069441269501027 -0.202385866428544  0.045782128839947
-1.230000000000000  0.043226987764958 -0.226423865386662  0.053136339287869
-1.220000000000000  0.011758114699136 -0.247449659191365  0.061369587095201
-1.210000000000000 -0.024649269732652 -0.264443160938479  0.070537771865488
-1.200000000000000 -0.065485375175284 -0.276414362181974  0.080693233982315
-1.190000000000000 -0.110049263781504 -0.282440781910488  0.091883635745059
-1.180000000000000 -0.157458904310776 -0.281704674137586  0.104150829977714
-1.170000000000000 -0.206668660727931 -0.273528437525271  0.117529741462093
-1.160000000000000 -0.256493823556054 -0.257406695101631  0.132047288205548
-1.150000000000000 -0.305641467450125 -0.233033611029504  0.147721370494516
-1.140000000000000 -0.352746620746295 -0.200324180713992  0.164559955826663
-1.130000000000000 -0.396412477611190 -0.159428462621038  0.182560287099550
-1.120000000000000 -0.435253184166106 -0.110738003901939  0.201708239834920
-1.110000000000000 -0.467937596930162 -0.054884033364248  0.221977851739102
-1.100000000000000 -0.493232351914451  0.007272661420296  0.243331044579196
-1.090000000000000 -0.510042598607605  0.074659908037075  0.265717554262503
-1.080000000000000 -0.517448843799343  0.146019773650357  0.289075080246178
-1.070000000000000 -0.514738510659117  0.219940732361850  0.313329660107432
-1.060000000000000 -0.501431040118184  0.294895204157712  0.338396269429223
-1.050000000000000 -0.477295632764739  0.369281085655072  0.364179641278881
-1.040000000000000 -0.442361036202166  0.441465748748255  0.390575293667711
-1.030000000000000 -0.396917109692082  0.509830908937077  0.417470747673922
-1.020000000000000 -0.341508228848007  0.572816762335553  0.444746913583488
-1.010000000000000 -0.276918912386138  0.628963857149960  0.472279617638077
-1.000000000000000 -0.204152345829433  0.676951296354318  0.499941237943452
-0.990000000000000 -0.124402730830672  0.715630054910376  0.527602414929156
-0.980000000000000 -0.039022593149917  0.744050426246755  0.555133799574122
-0.970000000000000  0.050513670054996  0.761482876130150  0.582407801501871
-0.960000000000000  0.142648636248157  0.767431863829030  0.609300299043557
-0.950000000000000  0.235781704563977  0.761642476665378  0.635692274468066
-0.940000000000000  0.328308586295249  0.744100001284273  0.661471339746440
-0.930000000000000  0.418659170475620  0.715022811071329  0.686533121375679
-0.920000000000000  0.505332632568091  0.674849173729751  0.710782476821924
-0.910000000000000  0.586928828455977  0.624218767933073  0.734134519912590
-0.900000000000000  0.662175217426914  0.563949837547183  0.756515437843875
-0.890000000000000  0.729948775533424  0.495013003149438  0.777863088189771
-0.880000000000000  0.789292583531896  0.418502793046951  0.798127370206555
-0.870000000000000  0.839426991089819  0.335607951717348  0.817270370626021
-0.860000000000000  0.879755461771937  0.247581536695597  0.835266289830108
-0.850000000000000  0.909865383649988  0.155711731273344  0.852101159620682
-0.840000000000000  0.929524282205543  0.061294187100071  0.867772368581988
-0.830000000000000  0.938671991441870 -0.034393424199856  0.882288015145637
-0.820000000000000  0.937409423704099 -0.130114119736773  0.895666111804126
-0.810000000000000  0.925984628445848 -0.224691197620961  0.907933666406336
-0.800000000000000  0.904776846615526 -0.317024487850463  0.919125668068383
-0.790000000000000  0.874279253470272 -0.406103180105869  0.929284005940635
-0.780000000000000  0.835081042611340 -0.491015275918365  0.938456348914030
-0.770000000000000  0.787849442824899 -0.570953823722532  0.946695013382884
-0.760000000000000  0.733312182308278 -0.645220185493646  0.954055844490185
-0.750000000000000  0.672240827574615 -0.713224651642385  0.960597133968604
-0.740000000000000  0.605435332073323 -0.774484766508170  0.966378594875950
-0.730000000000000  0.533710037199783 -0.828621751180436  0.971460410337126
-0.720000000000000  0.457881280100236 -0.875355415424829  0.975902369979806
-0.710000000000000  0.378756681919007 -0.914497938828840  0.979763104220493
-0.700000000000000  0.297126119429327 -0.945946875992725  0.983099423047527
-0.690000000000000  0.213754323998306 -0.969677704984833  0.985965762572626
-0.680000000000000  0.129375005378549 -0.985736195676306  0.988413739483096
-0.670000000000000  0.044686363948348 -0.994230828119034  0.990491810705185
-0.660000000000000 -0.039652166855030 -0.995325443667580  0.992245033148364
-0.650000000000000 -0.123022117157158 -0.989232265483507  0.993714916383461
-0.640000000000000 -0.204847287157660 -0.976205382325501  0.994939359537130
-0.630000000000000 -0.284594328249290 -0.956534751534521  0.995952662564873
-0.620000000000000 -0.361772751442304 -0.930540744779530  0.996785601380977
-0.610000000000000 -0.435934499637742 -0.898569233878566  0.997465556047521
-0.600000000000000 -0.506673201657963 -0.860987193886759  0.998016681315326
-0.590000000000000 -0.573623206285339 -0.818178786346965  0.998460109217265
-0.580000000000000 -0.636458475099257 -0.770541876575918  0.998814174082809
-0.570000000000000 -0.694891394592788 -0.718484934382127  0.999094651213199
-0.560000000000000 -0.748671551581245 -0.662424266858600  0.999315001470222
-0.550000000000000 -0.797584501720197 -0.602781534013366  0.999486615131762
-0.540000000000000 -0.841450549238643 -0.539981502172218  0.999619049502179
-0.530000000000000 -0.880123546782618 -0.474449995561256  0.999720255889290
-0.520000000000000 -0.913489717424370 -0.406612012603932  0.999796792633875
-0.510000000000000 -0.941466496183750 -0.336889979718845  0.999854021871471
-0.500000000000000 -0.964001385524978 -0.265702121375406  0.999896288597468
-0.490000000000000 -0.981070817894067 -0.193460930569622  0.999927081380198
-0.480000000000000 -0.992679018107619 -0.120571728545886  0.999949174715649
-0.470000000000000 -0.998856858969654 -0.047431306430582  0.999964753540435
-0.460000000000000 -0.999660704592877  0.025573355547640  0.999975520821094
-0.450000000000000 -0.995171237292929  0.098066293348977  0.999982789426347
-0.440000000000000 -0.985492265417063  0.169683689491105  0.999987559676168
-0.430000000000000 -0.970749510919898  0.240074928116374  0.999990584061303
-0.420000000000000 -0.951089376811246  0.308903573903777  0.999992420653730
-0.410000000000000 -0.926677695716707  0.375848273853439  0.999993476697434
-0.400000000000000 -0.897698461684886  0.440603581104880  0.999994043793856
-0.390000000000000 -0.864352548044096  0.502880700246299  0.999994325990529
-0.380000000000000 -0.826856414571780  0.562408153957388  0.999994461956256
-0.370000000000000 -0.785440807517655  0.618932371246916  0.999994542291316
-0.360000000000000 -0.740349456147908  0.672218197958095  0.999994622884531
-0.350000000000000 -0.691837769485158  0.722049330593413  0.999994735096595
-0.340000000000000 -0.640171536837864  0.768228674840893  0.999994893425147
-0.330000000000000 -0.585625635570335  0.810578630459373  0.999995101194551
-0.320000000000000 -0.528482749383016  0.848941304401084  0.999995354713645
-0.310000000000000 -0.469032100169903  0.883178654219388  0.999995646258558
-0.300000000000000 -0.407568196309001  0.913172563934071  0.999995966164497
-0.290000000000000 -0.344389600031951  0.938824854613198  0.999996304249660
-0.280000000000000 -0.279797716316391  0.960057231986097  0.999996650744674
-0.270000000000000 -0.214095605552845  0.976811173433192  0.999996996860969
-0.260000000000000 -0.147586822058743  0.989047756710651  0.999997335099770
-0.250000000000000 -0.080574280346093  0.996747432765839  0.999997659378581
-0.240000000000000 -0.013359150896218  0.999909744987058  0.999997965032752
-0.230000000000000  0.053760212945925  0.998552997210970  0.999998248735003
-0.220000000000000  0.120489315474729  0.992713872785573  0.999998508364499
-0.210000000000000  0.186538525160041  0.982447006957434  0.999998742848503
-0.200000000000000  0.251624045961480  0.967824514820309  0.999998951993191
-0.190000000000000  0.315468852266590  0.948935477029318  0.999999136315258
-0.180000000000000  0.377803586390952  0.925885385451348  0.999999296882256
-0.170000000000000  0.438367417663710  0.898795550888868  0.999999435166773
-0.160000000000000  0.496908862200622  0.867802474981432  0.999999552917416
-0.150000000000000  0.553186562539609  0.833057188357199  0.999999652047990
-0.140000000000000  0.606970026381225  0.794724557076115  0.999999734545051
-0.130000000000000  0.658040323739247  0.752982559377255  0.999999802393176
-0.120000000000000  0.706190741865142  0.708021534715320  0.999999857516677
-0.110000000000000  0.751227397364979  0.660043407045596  0.999999901736119
-0.100000000000000  0.792969804978975  0.609260884292881  0.999999936737737
-0.090000000000000  0.831251402542557  0.555896635917902  0.999999964053809
-0.080000000000000  0.865920031694085  0.500182450474702  0.999999985051962
-0.070000000000000  0.896838373938458  0.442358375034272  1.000000000931539
-0.060000000000000  0.923884341718061  0.382671838333331  1.000000012725226
-0.050000000000000  0.946951424183091  0.321376759492540  1.000000021304310
-0.040000000000000  0.965948987392566  0.258732644135623  1.000000027386135
-0.030000000000000  0.980802528715366  0.195003669729683  1.000000031542499
-0.020000000000000  0.991453885237720  0.130457761957540  1.000000034207940
-0.010000000000000  0.997861396019855  0.065365663925032  1.000000035687054
 0.000000000000000  1.000000018080094  0.000000000000000  1.000000036160189
 0.010000000000000  0.997861396019854 -0.065365663925035  1.000000035687053
 0.020000000000000  0.991453885237719 -0.130457761957544  1.000000034207940
 0.030000000000000  0.980802528715365 -0.195003669729687  1.000000031542499
 0.040000000000000  0.965948987392565 -0.258732644135626  1.000000027386135
 0.050000000000000  0.946951424183090 -0.321376759492543  1.000000021304310
 0.060000000000000  0.923884341718060 -0.382671838333334  1.000000012725226
 0.070000000000000  0.896838373938457 -0.442358375034275  1.000000000931539
 0.080000000000000  0.865920031694083 -0.500182450474704  0.999999985051962
 0.090000000000000  0.831251402542555 -0.555896635917905  0.999999964053809
 0.100000000000000  0.792969804978973 -0.609260884292884  0.999999936737737
 0.110000000000000  0.751227397364977 -0.660043407045599  0.999999901736119
 0.120000000000000  0.706190741865140 -0.708021534715323  0.999999857516678
 0.130000000000000  0.658040323739245 -0.752982559377258  0.999999802393176
 0.140000000000000  0.606970026381222 -0.794724557076117  0.999999734545051
 0.150000000000000  0.553186562539606 -0.833057188357201  0.999999652047990
 0.160000000000000  0.496908862200619 -0.867802474981434  0.999999552917416
 0.170000000000000  0.438367417663707 -0.898795550888870  0.999999435166773
 0.180000000000000  0.377803586390949 -0.925885385451349  0.999999296882256
 0.190000000000000  0.315468852266586 -0.948935477029319  0.999999136315258
 0.200000000000000  0.251624045961477 -0.967824514820310  0.999998951993191
 0.210000000000000  0.186538525160037 -0.982447006957434  0.999998742848503
 0.220000000000000  0.120489315474726 -0.992713872785573  0.999998508364499
 0.230000000000000  0.053760212945922 -0.998552997210970  0.999998248735003
 0.240000000000000 -0.013359150896222 -0.999909744987058  0.999997965032751
 0.250000000000000 -0.080574280346097 -0.996747432765838  0.999997659378581
 0.260000000000000 -0.147586822058747 -0.989047756710650  0.999997335099770
 0.270000000000000 -0.214095605552849 -0.976811173433191  0.999996996860968
 0.280000000000000 -0.279797716316394 -0.960057231986096  0.999996650744674
 0.290000000000000 -0.344389600031954 -0.938824854613197  0.999996304249659
 0.300000000000000 -0.407568196309004 -0.913172563934069  0.999995966164497
 0.310000000000000 -0.469032100169905 -0.883178654219386  0.999995646258558
 0.320000000000000 -0.528482749383018 -0.848941304401082  0.999995354713644
 0.330000000000000 -0.585625635570337 -0.810578630459370  0.999995101194550
 0.340000000000000 -0.640171536837867 -0.768228674840891  0.999994893425147
 0.350000000000000 -0.691837769485160 -0.722049330593411  0.999994735096594
 0.360000000000000 -0.740349456147910 -0.672218197958092  0.999994622884530
 0.370000000000000 -0.785440807517657 -0.618932371246913  0.999994542291315
 0.380000000000000 -0.826856414571781 -0.562408153957385  0.999994461956256
 0.390000000000000 -0.864352548044097 -0.502880700246296  0.999994325990528
 0.400000000000000 -0.897698461684888 -0.440603581104877  0.999994043793856
 0.410000000000000 -0.926677695716708 -0.375848273853435  0.999993476697434
 0.420000000000000 -0.951089376811246 -0.308903573903774  0.999992420653729
 0.430000000000000 -0.970749510919898 -0.240074928116371  0.999990584061303
 0.440000000000000 -0.985492265417063 -0.169683689491102  0.999987559676168
 0.450000000000000 -0.995171237292929 -0.098066293348973  0.999982789426346
 0.460000000000000 -0.999660704592877 -0.025573355547637  0.999975520821093
 0.470000000000000 -0.998856858969653  0.047431306430585  0.999964753540434
 0.480000000000000 -0.992679018107618  0.120571728545889  0.999949174715649
 0.490000000000000 -0.981070817894066  0.193460930569625  0.999927081380197
 0.500000000000000 -0.964001385524976  0.265702121375409  0.999896288597467
 0.510000000000000 -0.941466496183749  0.336889979718848  0.999854021871470
 0.520000000000000 -0.913489717424368  0.406612012603935  0.999796792633874
 0.530000000000000 -0.880123546782616  0.474449995561258  0.999720255889290
 0.540000000000000 -0.841450549238641  0.539981502172221  0.999619049502178
 0.550000000000000 -0.797584501720195  0.602781534013369  0.999486615131762
 0.560000000000000 -0.748671551581243  0.662424266858602  0.999315001470222
 0.570000000000000 -0.694891394592785  0.718484934382129  0.999094651213198
 0.580000000000000 -0.636458475099255  0.770541876575919  0.998814174082808
 0.590000000000000 -0.573623206285336  0.818178786346967  0.998460109217265
 0.600000000000000 -0.506673201657960  0.860987193886760  0.998016681315326
 0.610000000000000 -0.435934499637739  0.898569233878567  0.997465556047520
 0.620000000000000 -0.361772751442301  0.930540744779531  0.996785601380977
 0.630000000000000 -0.284594328249286  0.956534751534522  0.995952662564872
 0.640000000000000 -0.204847287157658  0.976205382325501  0.994939359537129
 0.650000000000000 -0.123022117157154  0.989232265483507  0.993714916383461
 0.660000000000000 -0.039652166855026  0.995325443667579  0.992245033148363
 0.670000000000000  0.044686363948352  0.994230828119034  0.990491810705184
 0.680000000000000  0.129375005378552  0.985736195676305  0.988413739483096
 0.690000000000000  0.213754323998310  0.969677704984832  0.985965762572625
 0.700000000000000  0.297126119429331  0.945946875992724  0.983099423047526
 0.710000000000000  0.378756681919010  0.914497938828838  0.979763104220492
 0.720000000000000  0.457881280100239  0.875355415424827  0.975902369979805
 0.730000000000000  0.533710037199785  0.828621751180434  0.971460410337126
 0.740000000000000  0.605435332073325  0.774484766508168  0.966378594875949
 0.750000000000000  0.672240827574617  0.713224651642382  0.960597133968603
 0.760000000000000  0.733312182308280  0.645220185493643  0.954055844490184
 0.770000000000000  0.787849442824901  0.570953823722529  0.946695013382883
 0.780000000000000  0.835081042611341  0.491015275918362  0.938456348914029
 0.790000000000000  0.874279253470273  0.406103180105865  0.929284005940634
 0.800000000000000  0.904776846615526  0.317024487850459  0.919125668068382
 0.810000000000000  0.925984628445848  0.224691197620957  0.907933666406335
 0.820000000000000  0.937409423704099  0.130114119736770  0.895666111804125
 0.830000000000000  0.938671991441870  0.034393424199853  0.882288015145636
 0.840000000000000  0.929524282205542 -0.061294187100075  0.867772368581988
 0.850000000000000  0.909865383649987 -0.155711731273347  0.852101159620681
 0.860000000000000  0.879755461771936 -0.247581536695601  0.835266289830107
 0.870000000000000  0.839426991089817 -0.335607951717351  0.817270370626020
 0.880000000000000  0.789292583531894 -0.418502793046954  0.798127370206554
 0.890000000000000  0.729948775533422 -0.495013003149441  0.777863088189770
 0.900000000000000  0.662175217426911 -0.563949837547185  0.756515437843874
 0.910000000000000  0.586928828455974 -0.624218767933075  0.734134519912589
 0.920000000000000  0.505332632568088 -0.674849173729752  0.710782476821923
 0.930000000000000  0.418659170475617 -0.715022811071330  0.686533121375679
 0.940000000000000  0.328308586295246 -0.744100001284274  0.661471339746439
 0.950000000000000  0.235781704563974 -0.761642476665378  0.635692274468064
 0.960000000000000  0.142648636248154 -0.767431863829030  0.609300299043557
 0.970000000000000  0.050513670054992 -0.761482876130150  0.582407801501870
 0.980000000000000 -0.039022593149920 -0.744050426246754  0.555133799574121
 0.990000000000000 -0.124402730830675 -0.715630054910375  0.527602414929155
 1.000000000000000 -0.204152345829436 -0.676951296354317  0.499941237943451
 1.010000000000000 -0.276918912386141 -0.628963857149958  0.472279617638076
 1.020000000000000 -0.341508228848009 -0.572816762335551  0.444746913583488
 1.030000000000000 -0.396917109692084 -0.509830908937075  0.417470747673921
 1.040000000000000 -0.442361036202168 -0.441465748748252  0.390575293667710
 1.050000000000000 -0.477295632764741 -0.369281085655069  0.364179641278881
 1.060000000000000 -0.501431040118185 -0.294895204157709  0.338396269429222
 1.070000000000000 -0.514738510659117 -0.219940732361847  0.313329660107432
 1.080000000000000 -0.517448843799343 -0.146019773650355  0.289075080246178
 1.090000000000000 -0.510042598607605 -0.074659908037072  0.265717554262503
 1.100000000000000 -0.493232351914451 -0.007272661420294  0.243331044579195
 1.110000000000000 -0.467937596930161  0.054884033364250  0.221977851739102
 1.120000000000000 -0.435253184166106  0.110738003901941  0.201708239834920
 1.130000000000000 -0.396412477611189  0.159428462621040  0.182560287099550
 1.140000000000000 -0.352746620746294  0.200324180713994  0.164559955826662
 1.150000000000000 -0.305641467450123  0.233033611029505  0.147721370494516
 1.160000000000000 -0.256493823556053  0.257406695101632  0.132047288205548
 1.170000000000000 -0.206668660727930  0.273528437525272  0.117529741462093
 1.180000000000000 -0.157458904310774  0.281704674137587  0.104150829977714
 1.190000000000000 -0.110049263781502  0.282440781910489  0.091883635745059
 1.200000000000000 -0.065485375175282  0.276414362181975  0.080693233982315
 1.210000000000000 -0.024649269732651  0.264443160938480  0.070537771865488
 1.220000000000000  0.011758114699137  0.247449659191365  0.061369587095201
 1.230000000000000  0.043226987764959  0.226423865386662  0.053136339287869
 1.240000000000000  0.069441269501028  0.202385866428544  0.045782128839947
 1.250000000000000  0.090273933476359  0.176349644521536  0.039248580188166
 1.260000000000000  0.105775706339469  0.149289547888908  0.033475869160488
 1.270000000000000  0.116157966304796  0.122110622463779  0.028403677254558
 1.280000000000000  0.121770898632673  0.095623780032311  0.023972059061477
 1.290000000000000  0.123078121428208  0.070526509685283  0.020122212542685
 1.300000000000000  0.120629084300187  0.047389549102345  0.016797145343225
 1.310000000000000  0.115030563613731  0.026649636162342  0.013942233672878
 1.320000000000000  0.106918533123911  0.008608175407915  0.011505673409222
 1.330000000000000  0.096931583200620 -0.006564607409173  0.009438825892215
 1.340000000000000  0.085686904334452 -0.018820673508987  0.007696463325753
 1.350000000000000  0.073759652382607 -0.028221169628376  0.006236920734797
 1.360000000000000  0.061666287081306 -0.034920367422006  0.005022163023282
 1.370000000000000  0.049852235642993 -0.039147559750677  0.004017776833037
 1.380000000000000  0.038683993732554 -0.041187938255007  0.003192897628799
 1.390000000000000  0.028445549919131 -0.041363431255964  0.002520082755469
 1.400000000000000  0.019338818390103 -0.040014388317164  0.001975141169122
 1.410000000000000  0.011487597644535 -0.037482866494534  0.001536930180290
 1.420000000000000  0.004944446745482 -0.034098113827780  0.001187128920231
 1.430000000000000 -0.000300210725470 -0.030164669374864  0.000909997404975
 1.440000000000000 -0.004307480803711 -0.025953317596653  0.000692129085147
 1.450000000000000 -0.007178609620927 -0.021694959123029  0.000522203687440
 1.460000000000000 -0.009043481992489 -0.017577299589768  0.000390746027417
 1.470000000000000 -0.010049600982536 -0.013744121263065  0.000289895349202
 1.480000000000000 -0.010352038003418 -0.010296794340539  0.000213188664516
 1.490000000000000 -0.010104724063232 -0.007297609540582  0.000155360553401
 1.500000000000000 -0.009453327141660 -0.004774471875345  0.000112160975736
 1.510000000000000 -0.008529836828976 -0.002726486098331  0.000080191842773
 1.520000000000000 -0.007448862791454 -0.001129984007839  0.000056762420744
 1.530000000000000 -0.006305554401927  0.000055412210730  0.000039763086829
 1.540000000000000 -0.005174969375624  0.000881033972866  0.000027556528900
 1.550000000000000 -0.004112662027766  0.001403986517599  0.000018885167096
 1.560000000000000 -0.003156227551366  0.001682734266405  0.000012793366967
 1.570000000000000 -0.002327526558215  0.001773560740097  0.000008562897578
 1.580000000000000 -0.001635321672775  0.001727938748854  0.000005660049293
 1.590000000000000 -0.001078081777553  0.001590782787433  0.000003692850196
 1.600000000000000 -0.000646745444532  0.001399504582009  0.000002376892745
 1.610000000000000 -0.000327278718226  0.001183756087598  0.000001508389834
 1.620000000000000 -0.000102909387931  0.000965722187342  0.000000943209685
 1.630000000000000  0.000044033749914  0.000760817029152  0.000000580781523
 1.640000000000000  0.000130705675234  0.000578641577223  0.000000351910048
 1.650000000000000  0.000172746912044  0.000424073144973  0.000000209679528
 1.660000000000000  0.000183667047614  0.000298377652034  0.000000122762808
 1.670000000000000  0.000174555191173  0.000200259281013  0.000000070573294
 1.680000000000000  0.000154051427494  0.000126787446090  0.000000039806899
 1.690000000000000  0.000128509820230  0.000074165243934  0.000000022015257
 1.700000000000000  0.000102286350336  0.000038325063450  0.000000011931308
 1.710000000000000  0.000078092744840  0.000015354585871  0.000000006334240
 1.720000000000000  0.000057367772035  0.000001769392435  0.000000003294192
 1.730000000000000  0.000040629636542 -0.000005343273383  0.000000001679318
 1.740000000000000  0.000027785196248 -0.000008281015786  0.000000000840592
 1.750000000000000  0.000018382739486 -0.000008754098418  0.000000000414559
 1.760000000000000  0.000011804249082 -0.000007957953741  0.000000000202669
 1.770000000000000  0.000007400034725 -0.000006667980944  0.000000000099222
 1.780000000000000  0.000004573248571 -0.000005339354297  0.000000000049423
 1.790000000000000  0.000002824279710 -0.000004199861000  0.000000000025615
 1.800000000000000  0.000001765701473 -0.000003328658111  0.000000000014198
 1.810000000000000  0.000001117772931 -0.000002717889075  0.000000000008636
 1.820000000000000  0.000000692951351 -0.000002317134397  0.000000000005849
 1.830000000000000  0.000000375900432 -0.000002062660354  0.000000000004396
 1.840000000000000  0.000000103447279 -0.000001894476547  0.000000000003600
 1.850000000000000 -0.000000152884749 -0.000001764503026  0.000000000003137
 1.860000000000000 -0.000000400600912 -0.000001638903955  0.000000000002846
 1.870000000000000 -0.000000636085332 -0.000001497088946  0.000000000002646
 1.880000000000000 -0.000000851067512 -0.000001329206584  0.000000000002491
 1.890000000000000 -0.000001036476539 -0.000001133300443  0.000000000002359
 1.900000000000000 -0.000001184486362 -0.000000912755963  0.000000000002236
 1.910000000000000 -0.000001289437086 -0.000000674276687  0.000000000002117
 1.920000000000000 -0.000001348133674 -0.000000426390906  0.000000000001999
 1.930000000000000 -0.000001359837614 -0.000000178378768  0.000000000001881
 1.940000000000000 -0.000001326116689  0.000000060512665  0.000000000001762
 1.950000000000000 -0.000001250617801  0.000000281672211  0.000000000001643
 1.960000000000000 -0.000001138775721  0.000000477607108  0.000000000001525
 1.970000000000000 -0.000000997454704  0.000000642327215  0.000000000001408
 1.980000000000000 -0.000000834525172  0.000000771627126  0.000000000001292
 1.990000000000000 -0.000000658390748  0.000000863252504  0.000000000001179
